63383
65408
65422
65424
65945
2737867
2737868
2740285
6151081
6151084
6517635
6956700
6956767
6990362
6990394
7131437
8098032
8098035
8098050
8099096
8112659
8112660
8112672
8233152
12084160
15064138
15064482
26771521
26771529
26771545
26771547
26773649
26773650
26773688
26773690
26777912
26777914
34290960
34292374
34294033
34294396
34294397
34294402
34294469
34294476
34294487
34294652
34297313
34297326
34300042
34300372
34300493
34300494
34300890
34301153
34301159
34301190
34301201
34301630
34303458
44468618
61167140
61167161
61167189
64487818
64487824
64487839
64487845
64489814
64875158
66077502
66439568
66439654
66522451
66522453
66522455
66522464
66522465
66525864
66525866
66525874
66525875
66525951
66561925
66561935
66561947
66561948
68634815
68685021
68688356
68688357
68688963
68688975
68688988
68689028
68689030
69271980
69271981
69271984
69287125
69287134
69287336
69294926
69298657
69534058
69539449
69682047
69757037
69862115
69862119
69902275
69902963
69903182
70171655
70173613
70173621
70173624
70174612
70174613
70174663
70174668
70175483
70175500
70175539
70175545
70175551
70175555
70175562
70175564
70181718
70182851
70182852
70182858
70185106
70188206
70188213
70190068
70190075
70191778
70210109
70210132
70210134
70355052
70355057
70355068
70355125
70355138
70456944
70456947
70466147
70466152
70466154
70466179
70466203
70471433
70471566
70471577
70471578
71189810
71650309
71650337
71718001
71718010
71721959
72011613
72011634
72011674
72011676
72054043
72054047
72054052
72054053
72054055
72054205
72072573
72075461
72075466
72075479
72075482
72104812
72113814
72117194
72117199
72117221
72117233
72118697
72118705
72118711
73152512
73152528
73152605
73180493
73291504
73291570
73291573
73300783
73308596
73309406
73309412
73349423
73349432
73604407
73604686
73604722
73886234
73927104
73927178
73927181
73931084
73931171
73931173
74183870
74191504
74191538
74191573
74191574
74191575
74266331
74266355
74266371
74273479
74721244
74721329
74800241
74800265
74800272
74989689
74994913
74995015
75278291
75278300
75338719
75338734
75480216
75512085
781928
785368
785374
786811
790962
790976
791018
791030
794840
794843
794917
976180
1062071
1062091
1062161
1118701
1118730
1221889
1229894
1816564
1816569
1816578
1816585
1816612
3130640
3130643
8361584
8362486
8362505
8362532
14403401
14403532
14403550
14403558
14403559
24898734
24901885
24901907
39553313
46089269
46089443
46089462
50653880
50947034
54591384
54591404
54595174
58487818
58487819
58530104
58531646
58532923
59221213
59221220
59221229
59221281
59221291
59221301
59221308
59221309
60215512
60215543
60219092
60313980
60316111
61648596
61648602
64196870
64196884
64527973
64527991
64581822
64585921
64585926
64586069
64586070
64586071
64733395
64735174
64735183
64784804
64832883
65204579
65204740
65232929
65233014
65233017
65233046
65268038
65322091
65322123
66141830
66141834
66141850
66141859
66142257
66142270
66143629
66143640
66143662
66143673
66146092
66380744
66688742
68019714
68072879
68073022
68074267
68074364
68243992
68525973
68714893
68789108
68789176
68795451
68795459
68798214
68806414
68806425
68806446
68806450
68806465
68806466
68807625
68807634
68807639
68808047
68808156
68868164
68868190
68868202
68868203
68869208
68869214
68869491
68869496
69004202
69007603
69007607
69230172
69381524
69381551
69913596
69913602
69913707
69916644
69916749
69924480
69924624
69925955
69925993
70589360
70589365
70595157
70595159
70597830
70597838
70607188
70659059
70659063
70798117
70798125
70798989
70798996
70799047
70799344
70799347
70799356
70799357
70800987
70801089
70801101
70974986
70977429
70979980
70979988
70979994
71265230
71265241
71265272
71265301
71265314
71265328
71265331
71265340
71794444
71795209
71796183
71796271
71796309
71796317
71797896
71820606
71820616
71825876
71826940
71827738
71827754
71827765
71828881
71831292
71831401
71831409
71853181
71853183
71899241
71899674
71899680
71925176
71925192
71925202
71925203
71925442
71925452
71925470
71926733
71926735
72070750
72071366
72071374
72071376
72071381
72071414
72074244
72077589
72077592
72078910
72078921
72079002
72091364
72091374
72178237
72368147
72368163
72368172
72368204
72368245
72368258
72368286
72368293
72368298
72368299
72636285
72636291
72636296
72636411
72926026
72986696
72986756
72990726
72990731
72991904
72991915
72992173
72992174
72992183
73059931
73060616
73060663
73060807
73060810
73060812
73060895
73060898
73061238
73061282
1230371
1230887
1230901
1233079
23294618
23295288
23295918
23295925
23295949
23295992
23296704
23298342
23317745
23321801
23321803
23321806
23321829
23321830
23321836
23411289
25399242
46766313
50301468
50301498
50301503
50301523
50301524
50301559
52832550
57882736
57882780
57882817
57882847
57883008
57884345
57886490
57888563
57888582
57888640
58086155
58086157
58086170
58087775
58087776
58087784
58087794
58087880
58087892
58087893
58088040
58098009
58099055
58102684
58111750
58915303
58915367
59364074
59802321
59802398
59802412
61730973
61737001
61737006
62460048
62460055
62460058
62460085
62460100
63167173
63195133
63195162
63195852
63466127
63468226
63468234
63468235
64164269
64164372
64164374
64164380
64723748
64723799
64723817
64725837
64726584
64726664
64726670
65347060
65401967
65401968
65571765
65576934
65580309
65993526
65993531
66377769
66377772
66377784
66383710
66418368
66483855
66483880
66483893
66485296
66527664
67097920
67098131
67239927
67239932
67239949
67912118
67912135
68200825
68318440
68319474
68319477
68320526
68320536
68322173
68322194
68322200
68515581
68642404
68643378
68643398
68643487
68659587
68659869
68659872
68661534
68661769
68882944
68883042
68884692
68919215
68919241
68919260
68919262
68919270
68960347
68960407
68960432
69050667
69051064
69051080
69051082
69051090
69051092
69052083
69052185
69052196
69052205
69056442
69063995
69085555
69085559
69085566
69085644
69095439
69141117
69141121
69141145
69141150
69141161
69141202
69315458
69315469
69315495
69315499
69545761
69547380
69623578
69623581
69625511
69625521
69632417
69632418
69632434
69723117
69793914
69794604
69806293
69806294
69806306
69806378
70181797
70181820
70181836
70195701
70221170
70396060
70396245
70400231
70400233
70400406
70706207
70706208
70706235
70706238
70707506
70707515
70707518
70707608
70743731
70940178
71148883
71148884
71148891
71149023
71149025
71149027
71149029
71160169
71160177
71166411
71166412
71166433
71166435
71166448
71166449
71224927
71317540
71319410
282806
297376
479387
591197
602225
634565
699187
699277
699404
699428
699449
727876
728194
746390
879431
956424
1134424
1134553
2081902
2081904
2104179
2135737
2135741
2165108
2233926
2309126
2426156
2426163
2646656
2646659
2652515
2652518
2652523
2652526
2652774
2653032
2653035
2653040
2908060
2908130
2908852
2908860
2908957
2908962
2908966
2908972
2908982
2910781
2910813
2910818
4505259
4505260
4505277
5161036
5165671
5165677
5165693
5165711
5168546
5830233
5881718
5881751
5881762
5882424
6418250
6418351
6420828
6420915
6420929
6420945
6421227
6421241
6421243
6421422
6421475
6421491
6421511
6421555
6421632
8118540
8118559
8118616
8118654
8687374
9175515
9175524
9175838
9175847
9175848
9175849
9176045
9176076
9176078
9176202
11257220
11257244
11257252
11257260
11257262
11257290
11257298
13229666
13229742
13231056
13261449
13261464
13261500
13261525
30269806
30270802
30270830
48167370
48167385
48167440
50392692
50392699
50993881
50993981
50994187
50994193
51000174
51167057
51167096
51236168
51236214
51242797
51242798
51248424
51919009
52092644
52591576
52591726
52593733
52593775
52776054
52776062
41971
41985
42008
42009
42010
42024
42089
42211
42863
43538
43541
45604
45613
45628
46421
46422
46448
82411
272858
273267
273292
275063
275067
276378
276380
276460
276461
282153
298786
1326515
1326636
1326643
1508040
1508049
2696122
2706209
2713890
2713891
2720906
2720910
2720940
2832740
2832742
2992819
2992822
3261991
3692632
3695260
3697521
3697725
3699581
3699701
3702289
3703420
3704001
3710137
4026707
4026799
4036222
9292468
9292474
18512751
18512752
18512798
18519471
18519472
22040366
23612506
23612508
23612534
24030404
24031315
24031324
24031408
28845336
28845439
28845446
28845501
28845509
28845513
28845522
28845816
28845823
28851913
28851946
28855770
28855779
28855794
28858766
28858773
28858814
47694452
49082756
49533758
49719639
49719731
49719742
49719767
49720454
49720512
49721305
49721854
49721922
49735217
49735243
50140063
50200456
50200472
50200519
50202339
50202371
50216512
50216526
50216537
50216562
50219223
50219227
50224886
50224889
50224896
50225017
50225025
50225351
50225470
50225492
50225498
50225502
50225507
50321855
50321875
50321954
50321964
50323442
50323846
50679469
50679518
50679551
50679553
50679570
50681546
50681637
50681646
50681648
50682932
50693597
50693763
50693767
50739136
50739238
50739244
50739258
50739263
50790919
50792945
1526868
1538788
1541112
1544433
1544562
1549190
1549398
1549405
1555088
1555094
1555101
1555179
1556132
1556138
1556175
1556253
1556257
1556267
1556935
1558034
1558041
1558052
1558064
1563962
1563979
1567128
1567129
1567133
1567360
1567383
1567396
1567421
1567444
1567457
1567462
1567480
1567491
1567498
1567833
1567834
1567848
1572335
1572473
1572991
1577700
1577711
1577748
1580179
4626408
4628634
4628639
4628748
4635012
4635071
4635085
4635090
4636404
4636883
12903174
12904900
12904950
12905562
12905566
12905572
12905587
12905590
12905592
12905597
15798267
15798323
15798357
15798360
15798363
15799394
15799397
15799403
15799430
15799434
15806965
15809861
15809862
15809932
15809957
15809963
15812958
15812959
15812965
15813150
15813372
15813374
15823106
15823421
15823423
15827787
15827788
15827890
15828546
15828548
35627061
35627068
35627100
36339693
39082287
39737118
39737147
39737155
39737175
40337595
40338566
40338569
40338578
40438751
40447978
40451682
40451992
40451997
40452005
42862695
42862704
42862707
42862716
42862718
42862775
42862779
42862797
42862798
43523784
43523786
43523893
43523897
43523945
43523950
43524006
43524068
43524104
43524168
43524375
43524393
43524558
43524676
43524691
43525133
43525189
43525214
43525271
43525341
43525348
43525399
43528550
43528587
43528607
43528677
43529904
45238254
45280043
45280054
45280286
45287426
45310961
45310979
45310996
45420345
45420483
45420488
45423014
45423025
45438470
45438488
45438499
46688879
46688892
46688909
46688972
46689548
46692099
46692120
46692137
46692178
46693801
46693817
46745707
47255758
47255820
47255823
47265482
47265506
47563826
972098
1559641
2585592
4751756
4751817
4751834
4751856
4751873
4751880
4920904
4920911
4920915
4920918
4920935
4920961
4920968
4921018
4921025
4921031
4921089
4921103
4921106
8242296
8242309
8242343
8242350
8444534
8444546
8444572
9401006
9408154
9408158
9411945
9413173
9413290
10495406
10495951
12307506
12307511
13944196
15641795
15641798
15641821
19461856
19464591
19464627
19464668
19464672
26884058
32126102
32126724
32126728
32126729
32126731
35204451
39395894
39395913
39395973
39396029
39396180
39396189
42345710
42348999
42349010
42351313
42355495
42355504
42355508
42355534
46587591
46587592
46587607
46587616
46587624
46587632
46588162
46588167
46589385
46589386
46590815
46590816
47076316
47076365
47076377
47077465
47077479
47077588
47077595
47103324
47103340
218791
218835
218843
218855
256574
256611
257113
257176
274095
274096
274110
276716
287653
289999
290001
290137
291993
337309
337311
337313
337322
340894
340905
344406
344491
344493
344615
379011
379038
379052
379057
1032192
1033788
1033792
1033797
1033926
1033937
1034852
1034868
1052214
1052235
3805848
3805850
3807705
3814120
3814146
3814148
3815685
3816215
3818654
3818657
3818665
3819544
3819548
3819803
3820313
3820355
3820373
3820382
3821109
3821130
3821131
3821161
3821267
3821269
3822772
3823416
6851650
7136506
7137856
10301897
10301903
10301908
10301938
10303572
11500090
12812951
19655927
19655939
19655964
19656025
19656061
19934424
23942504
26324168
26325719
26325742
30532401
30532429
30532438
30532473
30532477
30532481
30532484
30532519
37237146
37237148
37237149
37240198
37240204
37244915
37244938
39685141
39686056
43338888
43339301
43546299
43817223
43817231
43817237
43849883
43851333
43860417
43860422
43860456
43860460
43860497
43860505
43868109
43868125
43868145
43868149
43868179
43868181
43868189
43868201
43920589
43921590
43927394
43932971
43933138
43934352
43934411
43934444
44066688
44069731
44069759
44070313
44073376
44073395
44073407
44075852
44075853
44075859
44075863
44077305
44077319
44077330
44077341
44083919
44084449
44084454
44086137
44086139
44086152
44086160
44090302
44090307
44090310
44090328
44090335
44091351
44091352
44091369
44091396
44091708
44091713
44091728
44104300
44104310
44104314
44104315
44104716
44105575
44107457
44190417
44190420
44190486
44190489
44260112
552901
675601
1132861
1144109
1308664
1308683
1311984
1327530
1584311
1596710
1596807
1596808
1704343
1704379
1726223
1883699
1891434
1891451
1891463
1891465
1891482
1894332
1894340
2072723
2072732
2072764
2073141
2073150
7002400
7002402
9069880
9069881
9070882
11675288
11675308
12343053
12343071
18170755
18170761
18170845
18188620
18188624
18188700
18188792
18189795
18191577
18191738
18191742
18191744
18192676
18193864
18193899
18193991
18194019
18194129
18194146
18194192
18194196
18194213
18194306
18194957
18194972
18194979
18194995
18553651
18564549
18574376
18574380
23496346
23644236
25266666
26336261
29972645
29973150
33452045
33452056
33452069
33452076
33453587
33453598
33453611
33453618
33453681
33453804
33453891
33453892
33454573
33480132
33497675
33503418
33503437
33515293
33515302
33515314
33546466
33571767
33572878
33578227
33593205
33597658
33597669
33597692
33603798
33606995
33607000
33607296
33616442
33616443
33617991
33623932
33624270
36474154
36474160
36474231
36474233
36474234
36474242
36474244
41046375
43331300
43469474
43469486
43469487
43480818
44059285
44059306
214007
214008
268148
268153
268158
4090291
7839210
7839324
7839325
7839386
7839417
10424351
10424357
11263082
11267029
21179215
21179270
31861630
31862042
31862179
31862197
31862312
31862314
31862397
31862476
31862854
31863355
31863596
31863606
31863671
31863792
31864421
31864457
31864733
31865208
31865230
31865409
31865717
31865817
31865846
31866087
31866816
31866838
32683005
32683016
32698908
32698915
37927756
42253133
42253151
42255116
42255147
42264236
42285391
42285491
42285571
42285577
42287132
42287214
42287238
42294202
3691337
3691747
3691763
3692385
3692513
4066885
4671822
4671994
4674050
4674060
4686930
4686932
4686943
4694190
4694202
4694230
4694239
4694254
4694263
4694494
4694522
4694558
4694915
4694916
4694967
4695002
4695098
4695106
4695204
4696973
4699033
4700811
4704387
4708033
4708043
4708063
4708223
4708733
4708735
4708745
4708748
4708749
4708834
4709089
4709093
4709636
4709650
4709677
4715467
4718986
4720394
4723640
4723647
4726242
4726244
4726637
4726638
4727151
4727166
4727318
4729950
4730081
4730089
4730203
4732023
4734019
4734035
4734036
4734039
4773486
4773492
4773495
4773522
4773524
4773546
4778592
4778609
4778747
4783402
4783412
4785921
4787926
4788065
4788084
4788621
4788623
4788638
4788646
4788661
4788669
4789233
4789702
4792092
4792130
4792256
4792351
4792352
4792974
4793084
4793087
4793160
4793173
4793177
4793445
4795049
4795052
4795058
4795062
4795077
4795086
4795112
4795460
4795468
4795479
4795482
4795858
4795903
4796068
4796079
4796871
4796884
4796888
4798803
4798805
4808056
4808081
4818355
4862958
4863048
4863051
4863726
4863779
4863902
4863903
4863917
4863936
4863965
4864682
4864709
4864753
4867255
4867333
4869791
4869825
4869897
4869924
4869944
4869968
4869974
4869977
4870197
4870202
5028288
5046195
5120580
5120623
5120654
5566177
6125439
6125560
6125570
6125582
7310951
7449587
7449618
7469673
11619945
11619978
11694910
12659015
12659113
32852402
34976974
34977105
34977123
34977131
34977132
34977142
41688611
42293378
42294261
42473136
42855653
42859583
42859635
42859637
42859658
42859664
42859668
42906650
43086816
43090783
43102349
43102390
66811
66834
66842
77171
120808
120896
267983
272975
312842
312849
312851
312853
312961
319193
319814
319819
327388
327443
327911
327918
327919
327930
327935
327936
328861
400249
400262
400276
400292
400320
400325
524594
524596
524597
524614
524618
524645
524647
529155
529161
529178
529192
660866
661371
661848
661983
667184
667602
667604
672863
675769
675775
675783
675849
1297066
1303251
1304701
1304702
1304704
2509498
2509950
2509952
2509958
2509962
4345708
8878509
8878521
8878522
8878532
8878555
20000943
20000958
20000990
23075960
23083097
23095265
23095308
23096151
23104495
25388523
25388529
25388546
25388559
25388576
25388577
25388888
25393263
25393266
25393416
25393422
25393709
25395462
25395479
25395480
25396988
25397304
25397320
25397333
25400810
29098652
29098655
29098876
29098877
29098881
32839413
35717364
35717367
35717568
35719374
35719388
35720346
35720350
35722051
35722058
35722060
35722063
35722074
35722638
36059096
36059252
36059374
36064332
36064337
38169321
38169332
38169337
38169338
38995260
39394528
39394564
39394589
39491725
39491731
39500168
39501427
39502374
39502397
39502454
39502463
39774847
39774860
39774878
39774888
39774900
39774927
39776468
39776469
39776486
39776496
39776618
39776636
39776646
39780930
40706319
40706324
40706380
40706385
42592938
52251
56048
56075
56673
60278
61679
61700
62244
62397
62473
766985
771542
771556
808606
935645
935739
1500412
1500490
1510348
1510359
1625243
1625254
1625258
1625272
1625292
1625423
1625432
1672173
1847305
1849333
1849351
1852829
1852865
1852880
1855843
1855851
1856066
1856070
1856078
1856082
1856094
1856630
1856639
1856643
1856653
1856654
1856888
1856902
1856904
1856905
1856932
2841302
2855158
2855799
2855902
2855903
2855915
2855917
2857930
2874135
4125650
4238124
4855640
6150174
7202888
11709759
11709760
11709771
12383618
12385340
12392691
12392692
12392697
12399276
12399731
12921529
12921530
12921535
12921539
12924037
20157067
20157071
20157075
20157233
20157320
20157323
20157325
25807604
25809348
25809361
25809477
25809481
25809512
25809541
25813397
25813402
25975836
37352348
37352420
37353147
37353154
37353162
37353183
37355346
37916914
38072621
38072623
38072633
38072639
38096618
38117387
38117392
38271843
38282052
38285682
38287449
38489687
38539342
38539465
38552504
38557410
38558458
38558507
38558559
38558576
38558585
38558590
38558602
38558603
38558604
38558640
38558653
38558658
38558670
38558690
38559639
38559646
38772791
38772798
38772805
38772810
38772816
38775909
38775920
38775924
38775936
38785504
38785557
38797638
38797641
38943253
38960928
38960936
38961048
38961591
38970467
38970473
38970477
38970482
489230
1856957
1868381
1868694
1868699
1869733
4875753
4875899
4876009
5803945
5804933
6198938
6198970
10417477
10417489
10417520
10417524
10455002
10628425
10628715
10628755
18535852
18535877
18535878
18541349
18545001
18545003
18545014
18546601
18546604
29208301
29208305
29208392
29208393
29208395
29780093
29780116
29780153
29780641
29780894
29781979
29781980
29782026
29782028
29782029
30026693
30027057
30027539
30027550
30027552
30168073
30168102
30168106
30505537
30505565
30611496
30611507
30611564
30623529
30629891
30631454
30631457
30635514
30642880
30953045
30953057
30953064
31027250
31027256
31027262
31027263
31296163
31296172
36519423
36521569
36521583
36522229
277789
277798
279354
279479
279490
281214
281238
281246
370393
5142968
5144630
5144637
5144666
5144747
5144752
8558506
8558512
8558559
8558566
14913766
15228688
15228710
15228737
15228738
16767343
16767353
17460152
19960942
19961223
20591128
20591181
20600197
20601387
20623585
20623588
20625152
20625154
20625578
20629188
20635947
20689080
20695466
20701262
20701264
20701460
20701467
20710413
20710422
20710435
20732784
20733311
20734376
20734392
20734507
20734513
20734518
20734519
20735956
20736228
20736236
20742383
20858390
20858397
20861266
20865574
20867809
22644747
22644846
22654264
22654265
22654601
22654720
22656620
22657588
22657612
22660266
22664889
22665042
22665046
22665064
22665572
22667296
22667297
22667307
22667320
22667323
22667324
22667330
22667331
22667362
23536923
23536960
23540722
23540735
23541019
23541026
23541042
23541053
23542073
23542543
23547493
23554760
23555170
25830477
28652016
29698392
29698402
31960635
31960662
32252661
32252678
32252684
161386
161458
649298
649336
929045
992700
992716
993504
1060874
1062135
1062144
1062150
1063014
1063031
1063045
1064676
1064677
1064680
1064861
1064862
1070264
1070294
1070298
1070313
1070322
1070761
1070763
1072330
1072342
1072351
1072367
1072380
1073112
1073128
1073381
1073400
1079183
1196441
1196447
1196450
1882771
1892713
10147216
10147284
10147315
10147347
10147354
10147738
10149534
10149541
10149547
10149611
10149628
10150665
10150670
10150672
10150674
10150695
10151201
10151202
10153273
10156950
10156977
10156984
10157010
10157014
10159270
10159275
16586112
16586120
20158977
23112955
28791311
30773321
31065250
31065257
31073068
31073085
31409037
31409052
31409239
31409261
31409578
32640564
32640566
32640576
32640578
32640622
32640625
32641182
32644179
32644251
32650016
32652113
32652116
32652220
32665186
32666409
32666410
32666436
32666441
32666444
32915259
32915269
32915293
32917232
32917233
32971362
32971382
32971482
32973101
33014997
38634
59437
127283
127287
127382
127388
127391
127411
127686
127707
127756
127779
127808
127885
127933
128003
128006
128017
128039
128057
128060
128122
128131
128244
128298
128301
128305
128344
128368
128408
147709
148506
148594
149506
149522
149553
149588
151207
151222
151658
151849
151855
381960
381961
382007
382031
383188
383189
383230
383258
384421
384424
384437
384512
385114
385257
385262
461103
461105
461128
461491
461794
461989
462010
462141
515393
515447
515597
515603
515699
516071
516232
516454
516456
516575
516603
516615
516649
516953
517078
517093
517112
517129
517140
517144
517233
517392
517449
517485
517497
517765
517824
517831
517832
517835
517845
517882
517899
518361
561660
562534
562547
562548
638458
638465
638468
638488
638535
638692
638727
638745
639190
640250
640259
640274
640278
640414
640418
640422
641034
642802
647499
649128
653429
657958
657962
657964
658120
658325
659173
659175
659224
659269
661169
661179
661180
664332
664352
666520
666679
666684
666709
666711
667321
667323
668055
668072
668615
668819
669389
669391
671984
671992
672014
672486
672928
673041
673061
673064
673614
747439
747442
747445
747451
747453
747460
760669
760809
760828
760978
760981
761642
761669
762457
762727
825846
825848
826316
826736
826743
826755
826758
827289
828175
828180
829021
829934
831437
921586
921637
921754
921772
932437
932475
970757
971106
971141
1020231
1020250
1020252
1020542
1020553
1020721
1020731
18539
57737
57750
57957
70754
74566
74616
76718
76769
76774
76781
87935
176240
176304
176498
177233
177729
177737
177753
248762
248764
248772
249132
249140
249153
249167
249170
249189
249191
249204
249205
249315
249713
249722
249731
249842
249845
249852
249855
249867
249879
249892
250174
250203
250206
266027
266780
266832
266971
267095
327379
327613
327614
327733
327736
327737
327746
328323
67704
162112
162123
162139
162144
163605
166571
166580
166590
167158
167160
167193
167225
167232
167247
168957
168977
170577
170582
170588
171163
176530
176538
178058
79239
56497
56668
56672
56684
56696
56702
50452
109049
44356
44834
82629
25472
32366
53808
53816
58443
58462
58463
58468
57698
54592
47513
47518
47522
47554
47555
49762
49765
49767
49775
49779
49801
12046
12137
14571
14583
15824
15827
7322
7333
7344
7355
7357
7366
7390
7399
7400
7410
7453
18621
19075
19154
19166
19252
19294
19313
19316
19324
19341
19427
19461
22020
63252
63256
63258
41160
41172
41173
41180
41182
23808
23843
23877
68568
70812
53288
53321
68071
68793
68794
68797
32323
32353
7714
7715
10515
12994
13004
13330
13352
13775
13942
13946
13954
14498
14508
14525
14597
14617
14629
14637
7876
49203
49205
18030
18079
18088
19187
25160
25336
30157
30167
30171
30268
59682
61406
61414
61419
61456
12030
12034
37266
54095
54104
54517
60199
8563
54209
54219
57311
59873
61153
29432
13319
13355
14449
14458
14467
48386
5019
55879
55903
55905
10018
10154
25643
25666
25678
25681
25685
25692
25694
25699
25705
114
126
24627
24636
24639
46246
50000
1864
1880
1986
29173
37844
37855
37856
37863
37864
37954
37959
37981
40505
13008
13011
16115
16116
16118
16134
16137
16148
18771
18773
19152
19174
19194
19275
19280
26651
26665
26684
15471
15493
15644
15662
15728
38060
40258
40472
41769
42008
43075
47718
47738
21580
21583
21593
21605
21625
29846
30820
32555
32581
32593
32604
32626
32635
35929
15912
16013
16869
16994
15979
15982
15990
16069
16070
17513
17789
6140
6141
6219
6307
6353
6648
6664
6711
6925
6997
7025
7026
7065
7088
7118
7721
7724
7854
7855
8590
8731
8733
3468
3487
3510
3514
40406
16588
16590
33906
19373
20754
26422
26429
30576
30577
33674
33691
33704
33734
33742
33744
39834
39849
39879
23001
13468
13473
25856
25864
25865
33798
31173
9350
20996
20998
21054
21055
18953
18977
19006
459
466
614
2757
2874
13463
18291
18310
18327
4768
4616
4180
4198
4207
5943
5956
10198
10449
17402
17492
11172
11610
5325
5327
5379
5394
4875
9810
18604
13524
13528
7636
12740
12796
16723
16985
14752
9327
5978
6008
6015
6037
6038
7125
7134
7308
7321
7336
7821
7825
7826
7830
7833
8247
8257
8270
8440
8450
8457
9075
2768
2792
1887
1173
1177
3524
3539
5593
5614
6026
6048
5096
5204
